$ANSIBLE_VAULT;1.1;AES256
33656562626636313532653834376461326437663238636538633566326530303333383364643965
3835353963616133303731633062663732333037616437370a333466386666663631626461326335
35363836643666306636666564376437306262313835633663613834643531316635383938316432
3666663566313036390a323637663336663238373632373162366332306163333764363763636335
33613535336665343764386639343630653239393462616662316363326630666637643734623862
64616134323863626336386536623831336232353063613330663236333666303462363033386337
35656337643737306634353862633134303466323337363935653937643665373939373864316561
64636537616336376461316238373837616465373835663634613137316133383436623566396661
32303231396638666439346139366339386537386266616430376433363765653563333161316334
62353133333936386330613661613762363963663461383535333863616134366132636131643038
303439636336363635356536303535343733
